00000000000000000000000000000000000000000000000000000000000
00000000000000000000000000000000000000000000000000000000000
00000000000000000000000000000000000000000000000000000000000
00000000000000000000000000000000000000000000000000000000000
00000000000000000000000000000000000000000000000000000000000
00000000000000000000000000000000000000000000000000000000000
00000000000000000000000000000000000000000000000000000000000
00000000000000000000000000000000000000000000000000000000000
00000000000000000000000000000000000000000000000000000000000
00000000000000000000000000000000000000000000000000000000000
00000000000100000000000000010000000000000000000000000000000
00000000000100000000000000010000000000000000000000000000000
00000000000100000000000000010000000000000000000000000000000
00000000000100000000000000010000000000000000000000000000000
00000000000000000000000000000000000000000000000000000000000
00000100000000000000000000000000100000000000000000000000000
00000011111111111111111111111111000000000000000000000000000
00000000000000000000000000000000000000000000000000000000000
00000000000000000000000000000000000000000000000000000000000
00000000000000000000000000000000000000000000000000000000000
00000000000000000000000000000000000000000000000000000000000
00000000000000000000000000000000000000000000000000000000000
00000000000000000000000000000000000000000000000000000000000
00000000000000000000000000000000000000000000000000000000000
00000000000000000000000000000000000000000000000000000000000
00000000000000000000000000000000000000000000000000000000000
00000000000000000000000000000000000000000000000000000000000
00000000000000000000000000000000000000000000000000000000000
00000000000000000000000000000000000000000000000000000000000
00000000000000000000000000000000000000000000000000000000000
00000000000000000000000000000000000000000000000000000000000
00000000000000000000000000000000000000000000000000000000000
00000000000000000000000000000000000000000000000000000000000